T: 1345462827.98 L: 40 -110 2000 Az: 67.77987681392428 El: -30.372777661984355
T: 1345463308.02 L: 40 -110 2000 Az: 53.88086833620953 El: 9.704758888014407
T: 1345463548.04 L: 40 -110 2000 Az: 47.90163608062644 El: 27.205305646605748
